( 30,	0 )
( 2,	0 )
( 10,	0 )
( 31,	0 )
( 0,	0 )
( 30,	1 )
( 11,	0 )
( 14,	0 )
( 30,	2 )
( 2,	0 )
( 10,	0 )
( 31,	1 )
( 0,	0 )
( 31,	1 )
( 11,	0 )
( 1,	0 )
( 10,	0 )
( 31,	1 )
( 3,	0 )
( 31,	1 )
( 11,	0 )
( 14,	0 )
( 31,	2 )
( 0,	0 )
( 10,	0 )
( 31,	2 )
( 0,	0 )
( 31,	3 )
( 11,	0 )
( 14,	0 )
( 31,	4 )
( 0,	0 )
( 31,	2 )
( 11,	0 )
( 14,	0 )
( 30,	2 )
( 3,	0 )
( 10,	0 )
( 31,	5 )
( 1,	0 )
( 31,	6 )
( 14,	0 )
( 30,	2 )
( 0,	0 )
( 30,	3 )
( 0,	0 )
( 14,	0 )
( 31,	7 )
( 0,	0 )
( 0,	0 )
( 31,	8 )
( 14,	0 )
( 30,	4 )
( 15,	0 )
( 30,	4 )
( 14,	0 )
